False
0; 1; 3; 0; 0; 0; 0; 0
913 963 984; 1000 1000 1000; ; ; [18, (3, 12)] [20, (2, 13)]; ; <__main__.Swordsman object at 0x000001A47936D1E0>; 
8; 4; 4; 4; 4; 4; 4; 4; 4; 4; 4; 4; 4; 4; 4; 4; 4; 4; 4; 4; 4; 4; 4; 4; 4; 4; 4; 4; 4; 4; 4; 9
7; 0; 0; 0; 0; 0; 0; 0; 0; 0; 0; 0; 0; 0; 0; 0; 0; 0; 0; 0; 0; 0; 1; 0; 0; 0; 0; 0; 0; 0; 0; 6
7; 0; 0; 1; 0; 0; 0; 0; 0; 1; 0; 0; 0; 1; 0; 0; 0; 1; 1; 0; 0; 1; 1; 1; 0; 0; 1; 1; 0; 0; 0; 6
7; 0; 0; 1; 1; 0; 0; 0; 0; 0; 0; 0; 0; 0; 0; 0; 0; 1; 1; 0; 0; 1; 1; 1; 0; 1; 1; 1; 3; 0; 0; 6
7; 0; 0; 1; 1; 1; 0; 0; 0; 1; 1; 0; 0; 0; 0; 0; 1; 1; 1; 0; 0; 1; 1; 0; 0; 1; 1; 0; 0; 0; 0; 6
7; 0; 0; 0; 1; 1; 0; 0; 1; 1; 1; 0; 0; 0; 0; 0; 0; 0; 0; 0; 0; 0; 0; 0; 0; 1; 1; 0; 0; 0; 0; 6
7; 0; 0; 0; 0; 0; 0; 1; 1; 1; 1; 1; 1; 0; 0; 1; 0; 0; 0; 0; 0; 0; 0; 0; 1; 1; 1; 0; 0; 0; 0; 6
7; 0; 0; 0; 0; 0; 0; 0; 0; 1; 1; 1; 1; 0; 0; 0; 0; 0; 1; 0; 0; 1; 1; 0; 0; 0; 0; 0; 0; 0; 0; 6
7; 0; 0; 0; 0; 0; 1; 0; 0; 1; 1; 1; 1; 0; 0; 0; 0; 0; 0; 0; 0; 0; 1; 1; 0; 0; 0; 0; 0; 0; 0; 6
7; 0; 0; 0; 1; 1; 0; 0; 0; 0; 1; 1; 0; 0; 0; 0; 0; 0; 0; 0; 0; 0; 0; 1; 0; 0; 0; 0; 0; 1; 0; 6
7; 0; 0; 1; 1; 1; 1; 0; 0; 0; 0; 0; 0; 0; 0; 1; 0; 0; 0; 1; 0; 0; 0; 0; 0; 0; 1; 0; 0; 0; 0; 6
7; 0; 0; 1; 1; 1; 0; 0; 1; 0; 0; 0; 0; 1; 0; 0; 0; 0; 1; 1; 1; 0; 0; 0; 0; 0; 0; 0; 0; 0; 0; 6
7; 0; 0; 18; 1; 1; 0; 0; 0; 1; 1; 0; 0; 0; 0; 0; 0; 0; 1; 1; 1; 0; 0; 0; 1; 0; 1; 1; 0; 0; 0; 6
7; 0; 20; 2; 14; 0; 0; 0; 1; 1; 1; 1; 0; 0; 0; 1; 1; 0; 0; 1; 1; 1; 0; 0; 0; 0; 1; 1; 0; 0; 0; 6
7; 0; 0; 0; 0; 0; 0; 0; 0; 1; 1; 0; 0; 0; 0; 1; 1; 0; 0; 0; 0; 1; 0; 0; 0; 0; 0; 1; 0; 0; 0; 6
7; 0; 0; 0; 0; 0; 0; 0; 0; 0; 0; 0; 0; 0; 0; 0; 0; 0; 0; 0; 0; 0; 0; 0; 0; 0; 0; 0; 0; 0; 0; 6
11; 5; 5; 5; 5; 5; 5; 5; 5; 5; 5; 5; 5; 5; 5; 5; 5; 5; 5; 5; 5; 5; 5; 5; 5; 5; 5; 5; 5; 5; 5; 10